0.000 -0.000 0.000
0.003 0.044 0.002
0.007 0.089 0.006
0.012 0.135 0.007
0.014 0.181 0.005
0.015 0.228 0.008
0.016 0.275 0.010
0.019 0.321 0.013
0.023 0.366 0.017
0.023 0.412 0.018
0.023 0.458 0.019
0.022 0.506 0.020
0.022 0.554 0.020
0.022 0.601 0.022
0.024 0.648 0.025
0.025 0.694 0.025
0.027 0.741 0.030
0.027 0.788 0.031
0.028 0.835 0.031
0.031 0.882 0.035
0.032 0.929 0.035
0.035 0.975 0.037
0.042 1.021 0.040
0.043 1.067 0.041
0.045 1.110 0.046
0.046 1.151 0.050
0.049 1.190 0.051
0.049 1.226 0.053
0.048 1.262 0.056
0.048 1.296 0.058
0.048 1.330 0.055
0.049 1.363 0.055
0.050 1.394 0.057
0.050 1.425 0.059
0.047 1.456 0.060
0.047 1.486 0.061
0.049 1.514 0.064
0.053 1.539 0.067
0.056 1.562 0.071
0.060 1.583 0.077
0.063 1.601 0.082
0.065 1.616 0.085
0.067 1.631 0.089
0.066 1.644 0.090
0.065 1.657 0.091
0.067 1.668 0.090
0.070 1.679 0.087
0.073 1.689 0.087
0.074 1.697 0.086
0.074 1.703 0.085
0.075 1.708 0.085
0.076 1.713 0.083
0.077 1.717 0.083
0.076 1.720 0.083
0.075 1.722 0.086
0.074 1.724 0.087
0.076 1.726 0.089
0.076 1.727 0.088
0.079 1.728 0.089
0.079 1.728 0.088
0.080 1.728 0.087
0.080 1.726 0.087
0.078 1.725 0.088
0.080 1.724 0.088
0.080 1.722 0.087
0.082 1.721 0.087
0.081 1.720 0.087
0.081 1.719 0.090
0.081 1.718 0.092
0.083 1.718 0.093
0.086 1.717 0.093
0.085 1.716 0.093
0.085 1.716 0.093
0.084 1.715 0.094
0.085 1.715 0.095
0.086 1.715 0.096
0.087 1.715 0.095
0.087 1.715 0.094
0.087 1.717 0.093
0.087 1.718 0.092
0.085 1.719 0.092
0.085 1.720 0.092
0.082 1.720 0.091
0.083 1.722 0.090
0.083 1.725 0.088
0.084 1.728 0.089
0.081 1.733 0.088
0.079 1.738 0.087
0.079 1.743 0.085
0.080 1.748 0.085
0.081 1.753 0.083
0.081 1.758 0.082
0.078 1.763 0.081
0.077 1.768 0.080
0.075 1.774 0.080
0.075 1.780 0.081
0.076 1.785 0.080
0.077 1.791 0.079
0.077 1.797 0.080
0.076 1.803 0.079
0.076 1.808 0.079
0.075 1.814 0.078
0.076 1.818 0.080
0.077 1.822 0.083
0.079 1.826 0.083
0.079 1.829 0.083
0.078 1.832 0.083
0.077 1.837 0.082
0.077 1.841 0.080
0.076 1.846 0.079
0.076 1.851 0.080
0.076 1.855 0.079
0.076 1.860 0.078
0.075 1.865 0.079
0.076 1.869 0.080
0.077 1.873 0.081
0.078 1.877 0.080
0.079 1.881 0.079
0.080 1.884 0.079
0.081 1.888 0.078
0.081 1.892 0.078
0.081 1.896 0.078
0.082 1.900 0.080
0.084 1.903 0.081
0.084 1.906 0.083
0.083 1.909 0.083
0.083 1.912 0.083
0.083 1.915 0.080
0.084 1.919 0.079
0.084 1.922 0.076
0.084 1.926 0.073
0.084 1.930 0.074
0.083 1.934 0.075
0.082 1.938 0.076
0.082 1.942 0.076
0.082 1.946 0.075
0.081 1.950 0.074
0.081 1.953 0.074
0.082 1.956 0.075
0.083 1.959 0.076
0.084 1.962 0.077
0.085 1.964 0.078
0.086 1.967 0.077
0.086 1.970 0.077
0.086 1.973 0.075
0.087 1.976 0.074
0.085 1.979 0.073
0.086 1.982 0.072
0.087 1.985 0.075
0.086 1.988 0.076
0.085 1.991 0.076
0.085 1.995 0.074
0.083 1.998 0.074
0.081 2.002 0.074
0.081 2.006 0.073
0.080 2.010 0.073
0.080 2.014 0.072
0.079 2.019 0.072
0.079 2.023 0.072
0.080 2.027 0.072
0.080 2.031 0.072
0.079 2.035 0.071
0.079 2.039 0.071
0.080 2.043 0.071
0.082 2.047 0.072
0.084 2.051 0.072
0.086 2.054 0.072
0.088 2.058 0.073
0.091 2.061 0.072
0.092 2.064 0.073
0.094 2.068 0.072
0.093 2.071 0.071
0.094 2.075 0.071
0.094 2.079 0.070
0.093 2.082 0.069
0.094 2.085 0.070
0.095 2.088 0.072
0.095 2.090 0.073
0.095 2.092 0.073
0.094 2.095 0.073
0.095 2.098 0.075
0.095 2.100 0.076
0.095 2.103 0.074
0.096 2.106 0.071
0.095 2.109 0.070
0.091 2.114 0.070
0.088 2.120 0.071
0.086 2.126 0.071
0.086 2.131 0.072
0.088 2.136 0.073
0.090 2.140 0.074
0.090 2.144 0.075
0.090 2.149 0.078
0.088 2.154 0.078
0.087 2.158 0.077
0.086 2.163 0.078
0.087 2.168 0.081
0.087 2.173 0.082
0.085 2.177 0.081
0.084 2.181 0.082
0.084 2.185 0.084
0.082 2.188 0.083
0.078 2.192 0.079
0.076 2.196 0.076
0.072 2.200 0.077
0.071 2.203 0.079
0.071 2.207 0.078
0.070 2.211 0.076
0.065 2.215 0.078
0.061 2.218 0.078
0.061 2.222 0.078
0.060 2.226 0.078
0.060 2.229 0.078
0.059 2.232 0.080
0.056 2.236 0.077
0.048 2.240 0.069
0.042 2.244 0.054
0.056 2.248 0.053
0.063 2.249 0.062
0.055 2.251 0.076
0.044 2.254 0.082
0.036 2.258 0.083
0.035 2.262 0.081
0.042 2.265 0.082
0.050 2.268 0.080
0.054 2.271 0.077
0.053 2.275 0.078
0.053 2.279 0.080
0.053 2.282 0.082
0.054 2.284 0.082
0.054 2.286 0.083
0.055 2.288 0.083
0.055 2.289 0.086
0.056 2.290 0.090
0.057 2.292 0.093
0.057 2.293 0.091
0.054 2.295 0.085
0.052 2.297 0.081
0.050 2.298 0.082
0.048 2.300 0.081
0.046 2.301 0.078
0.044 2.302 0.078
0.044 2.302 0.081
0.044 2.302 0.085
0.047 2.301 0.094
0.049 2.298 0.102
0.044 2.296 0.098
0.040 2.296 0.086
0.034 2.294 0.081
0.032 2.290 0.079
0.034 2.287 0.081
0.035 2.283 0.082
0.034 2.280 0.077
0.026 2.278 0.074
0.015 2.277 0.070
0.008 2.276 0.064
0.006 2.275 0.063
0.007 2.274 0.065
0.008 2.272 0.069
0.006 2.270 0.070
0.004 2.269 0.068
0.004 2.268 0.065
0.005 2.266 0.063
0.007 2.265 0.065
0.008 2.263 0.068
0.008 2.262 0.069
0.008 2.261 0.068
0.007 2.260 0.069
0.006 2.259 0.070
0.006 2.258 0.068
0.007 2.258 0.067
0.007 2.257 0.068
0.006 2.256 0.069
0.004 2.256 0.069
0.003 2.256 0.068
0.003 2.256 0.068
0.004 2.257 0.068
0.003 2.257 0.070
0.001 2.257 0.071
0.000 2.258 0.071
-0.000 2.258 0.070
0.000 2.258 0.070
0.001 2.258 0.070
0.001 2.257 0.070
0.001 2.257 0.070
0.001 2.257 0.069
-0.000 2.257 0.070
-0.000 2.257 0.071
-0.001 2.256 0.072
-0.000 2.256 0.072
0.001 2.256 0.072
0.001 2.255 0.073
0.000 2.255 0.074
-0.000 2.255 0.073
-0.000 2.256 0.072
-0.001 2.256 0.074
-0.003 2.256 0.076
-0.004 2.256 0.076
-0.003 2.257 0.073
-0.002 2.257 0.070
-0.002 2.257 0.070
-0.003 2.257 0.073
-0.003 2.257 0.076
-0.002 2.257 0.076
-0.001 2.257 0.075
-0.000 2.257 0.075
0.001 2.257 0.076
0.001 2.256 0.078
-0.000 2.256 0.078
-0.000 2.256 0.079
0.001 2.256 0.079
0.000 2.255 0.082
-0.001 2.255 0.081
-0.004 2.254 0.081
-0.003 2.254 0.080
-0.001 2.253 0.079
0.001 2.252 0.080
0.001 2.251 0.081
-0.000 2.250 0.082
0.001 2.250 0.081
0.000 2.249 0.080
-0.001 2.248 0.080
-0.001 2.247 0.080
-0.002 2.247 0.080
-0.004 2.246 0.080
-0.005 2.246 0.078
-0.005 2.246 0.076
-0.006 2.246 0.078
-0.006 2.246 0.080
-0.007 2.246 0.080
-0.008 2.247 0.078
-0.006 2.247 0.076
-0.004 2.247 0.075
-0.004 2.247 0.075
-0.005 2.247 0.077
-0.005 2.246 0.078
-0.005 2.246 0.079
-0.005 2.246 0.078
-0.005 2.246 0.077
-0.004 2.245 0.078
-0.005 2.245 0.078
-0.006 2.245 0.078
-0.006 2.244 0.078
-0.005 2.244 0.076
-0.005 2.243 0.077
-0.005 2.243 0.078
-0.005 2.242 0.079
-0.004 2.242 0.078
-0.003 2.241 0.076
-0.002 2.240 0.077
-0.003 2.239 0.079
-0.003 2.239 0.080
-0.003 2.238 0.080
-0.004 2.238 0.080
-0.003 2.237 0.079
-0.003 2.237 0.078
-0.003 2.236 0.077
-0.003 2.236 0.077
-0.004 2.236 0.077
-0.004 2.236 0.076
-0.005 2.236 0.076
-0.006 2.237 0.075
-0.006 2.237 0.074
-0.006 2.238 0.075
-0.006 2.238 0.076
-0.005 2.239 0.078
-0.006 2.239 0.078
-0.006 2.239 0.077
-0.004 2.239 0.076
-0.002 2.239 0.077
-0.001 2.238 0.077
-0.000 2.237 0.079
0.001 2.237 0.079
0.001 2.236 0.078
-0.000 2.236 0.077
-0.000 2.235 0.076
-0.001 2.235 0.076
-0.001 2.234 0.079
-0.001 2.233 0.080
0.000 2.232 0.080
0.002 2.232 0.080
0.003 2.231 0.079
0.004 2.230 0.077
0.004 2.229 0.077
0.005 2.228 0.076
0.005 2.227 0.076
0.003 2.226 0.076
0.001 2.226 0.075
0.001 2.225 0.074
0.003 2.224 0.074
0.005 2.223 0.073
0.005 2.223 0.073
0.003 2.223 0.075
0.001 2.223 0.075
-0.000 2.223 0.073
0.001 2.223 0.071
0.001 2.223 0.072
0.003 2.222 0.076
0.005 2.221 0.078
0.008 2.220 0.077
0.009 2.220 0.074
0.011 2.219 0.072
0.012 2.218 0.072
0.011 2.217 0.074
0.010 2.216 0.075
0.010 2.215 0.074
0.009 2.214 0.073
0.008 2.213 0.073
0.009 2.212 0.072
0.008 2.211 0.071
0.010 2.210 0.071
0.009 2.209 0.072
0.008 2.209 0.072
0.006 2.210 0.073
0.005 2.210 0.071
0.005 2.210 0.069
0.005 2.211 0.069
0.005 2.212 0.070
0.007 2.212 0.070
0.008 2.213 0.071
0.007 2.213 0.073
0.006 2.214 0.073
0.006 2.214 0.069
0.007 2.214 0.067
0.008 2.214 0.065
0.008 2.213 0.067
0.008 2.213 0.067
0.009 2.212 0.068
0.010 2.211 0.069
0.011 2.209 0.070
0.011 2.208 0.070
0.011 2.206 0.071
0.012 2.205 0.071
0.011 2.204 0.072
0.010 2.202 0.073
0.009 2.201 0.073
0.008 2.200 0.071
0.008 2.199 0.071
0.009 2.198 0.072
0.008 2.197 0.073
0.008 2.197 0.073
0.005 2.198 0.075
0.004 2.198 0.074
0.002 2.198 0.073
0.003 2.198 0.071
0.002 2.198 0.071
0.000 2.197 0.073
0.001 2.197 0.071
0.002 2.196 0.069
0.003 2.196 0.071
0.003 2.195 0.074
0.002 2.195 0.077
0.001 2.195 0.077
-0.000 2.194 0.078
0.001 2.193 0.078
0.004 2.192 0.078
0.006 2.190 0.079
0.007 2.188 0.080
0.006 2.187 0.082
0.006 2.185 0.083
0.006 2.184 0.084
0.005 2.182 0.084
0.004 2.181 0.083
0.003 2.180 0.082
0.003 2.178 0.083
0.004 2.177 0.083
0.005 2.176 0.083
0.004 2.175 0.084
0.004 2.173 0.086
0.004 2.173 0.086
0.003 2.172 0.086
0.003 2.171 0.085
0.002 2.170 0.084
0.001 2.170 0.084
0.002 2.169 0.083
0.005 2.169 0.082
0.005 2.168 0.083
0.004 2.168 0.087
0.002 2.168 0.087
0.003 2.168 0.077
0.005 2.168 0.071
0.001 2.168 0.075
-0.003 2.167 0.083
-0.003 2.167 0.086
-0.001 2.166 0.086
0.000 2.166 0.087
-0.000 2.165 0.088
-0.002 2.164 0.089
-0.003 2.163 0.089
-0.001 2.162 0.086
-0.000 2.161 0.086
0.001 2.160 0.087
0.001 2.159 0.088
0.001 2.158 0.087
0.001 2.157 0.087
-0.001 2.156 0.088
0.000 2.155 0.089
-0.001 2.154 0.091
-0.004 2.153 0.096
-0.007 2.152 0.097
-0.009 2.151 0.097
-0.006 2.151 0.095
-0.002 2.151 0.095
-0.000 2.151 0.096
-0.001 2.151 0.095
-0.005 2.151 0.094
-0.006 2.152 0.091
-0.004 2.152 0.091
-0.002 2.151 0.094
0.001 2.151 0.095
0.002 2.151 0.095
0.003 2.150 0.095
0.002 2.150 0.096
0.002 2.149 0.096
0.002 2.149 0.094
0.002 2.148 0.093
0.002 2.147 0.094
0.001 2.147 0.096
-0.001 2.146 0.098
-0.003 2.146 0.097
-0.003 2.145 0.094
-0.003 2.145 0.092
-0.003 2.145 0.092
-0.002 2.144 0.094
-0.000 2.144 0.093
0.001 2.143 0.094
0.002 2.143 0.096
0.005 2.143 0.097
0.006 2.142 0.098
0.005 2.141 0.098
0.001 2.140 0.095
-0.004 2.140 0.093
-0.007 2.139 0.089
-0.008 2.138 0.086
-0.006 2.137 0.086
-0.005 2.136 0.088
-0.004 2.134 0.090
-0.003 2.133 0.092
-0.002 2.132 0.089
-0.001 2.131 0.086
0.001 2.130 0.086
0.001 2.129 0.091
-0.000 2.128 0.095
-0.002 2.127 0.096
-0.008 2.126 0.093
-0.011 2.126 0.089
-0.011 2.126 0.088
-0.010 2.126 0.086
-0.009 2.125 0.085
-0.006 2.125 0.086
-0.003 2.125 0.088
-0.001 2.125 0.089
-0.004 2.124 0.092
-0.004 2.124 0.091
-0.000 2.123 0.088
0.006 2.122 0.088
0.008 2.120 0.087
0.008 2.119 0.090
0.009 2.118 0.088
0.003 2.117 0.092
-0.001 2.117 0.096
-0.000 2.116 0.098
0.002 2.115 0.096
0.004 2.114 0.093
0.003 2.112 0.092
0.003 2.111 0.093
0.002 2.110 0.093
0.001 2.109 0.094
0.001 2.108 0.096
0.001 2.107 0.095
0.002 2.106 0.094
0.002 2.105 0.093
0.000 2.104 0.093
0.000 2.103 0.093
0.002 2.102 0.092
0.003 2.101 0.090
0.002 2.100 0.089
0.003 2.099 0.088
0.004 2.098 0.088
0.004 2.097 0.088
0.004 2.096 0.088
0.004 2.096 0.088
0.002 2.095 0.089
0.001 2.095 0.088
-0.000 2.095 0.087
-0.001 2.096 0.088
-0.001 2.096 0.088
0.001 2.096 0.087
0.001 2.096 0.088
0.002 2.096 0.089
0.004 2.097 0.087
0.004 2.097 0.088
0.002 2.097 0.089
0.002 2.097 0.089
0.004 2.097 0.088
0.007 2.096 0.086
0.007 2.095 0.088
0.006 2.095 0.090
0.004 2.094 0.094
0.003 2.094 0.095
0.002 2.094 0.095
0.002 2.094 0.092
0.002 2.093 0.091
0.002 2.093 0.091
0.003 2.092 0.091
0.005 2.091 0.090
0.006 2.090 0.089
0.006 2.089 0.089
0.006 2.088 0.091
0.006 2.087 0.091
0.006 2.087 0.092
0.005 2.086 0.092
0.005 2.085 0.092
0.006 2.084 0.092
0.007 2.082 0.092
0.008 2.081 0.090
0.009 2.079 0.088
0.010 2.077 0.087
0.011 2.076 0.086
0.010 2.074 0.087
0.008 2.073 0.087
0.008 2.073 0.085
0.008 2.072 0.082
0.009 2.071 0.081
0.010 2.071 0.080
0.011 2.070 0.081
0.011 2.069 0.082
0.010 2.069 0.082
0.009 2.068 0.083
0.008 2.067 0.083
0.007 2.066 0.084
0.006 2.066 0.087
0.008 2.065 0.087
0.009 2.064 0.083
0.012 2.064 0.077
0.017 2.063 0.070
0.017 2.062 0.069
0.016 2.061 0.073
0.015 2.060 0.073
0.013 2.060 0.076
0.011 2.059 0.078
0.012 2.059 0.079
0.012 2.058 0.079
0.012 2.058 0.078
0.013 2.057 0.076
0.014 2.057 0.074
0.015 2.056 0.074
0.014 2.055 0.075
0.013 2.055 0.075
0.014 2.054 0.074
0.013 2.054 0.075
0.015 2.053 0.074
0.016 2.052 0.072
0.018 2.052 0.071
0.018 2.051 0.070
0.017 2.051 0.071
0.016 2.050 0.073
0.017 2.049 0.074
0.019 2.049 0.072
0.018 2.048 0.072
0.017 2.048 0.071
0.017 2.047 0.070
0.019 2.046 0.066
0.019 2.046 0.064
0.019 2.045 0.065
0.019 2.045 0.067
0.019 2.044 0.068
0.019 2.044 0.066
0.019 2.043 0.064
0.020 2.043 0.063
0.021 2.043 0.062
0.021 2.042 0.062
0.021 2.041 0.064
0.020 2.041 0.065
0.020 2.040 0.064
0.020 2.040 0.064
0.021 2.039 0.063
0.020 2.039 0.063
0.020 2.038 0.063
0.020 2.037 0.062
0.021 2.037 0.062
0.023 2.036 0.061
0.024 2.035 0.060
0.025 2.034 0.059
0.025 2.033 0.058
0.026 2.033 0.056
0.025 2.032 0.055
0.024 2.031 0.054
0.023 2.030 0.054
0.023 2.029 0.054
0.023 2.028 0.055
0.023 2.027 0.055
0.025 2.027 0.055
0.025 2.026 0.056
0.026 2.025 0.056
0.027 2.024 0.055
0.028 2.023 0.054
0.029 2.022 0.053
0.030 2.021 0.052
0.031 2.020 0.052
0.030 2.020 0.052
0.030 2.019 0.051
0.030 2.019 0.050
0.030 2.018 0.048
0.031 2.017 0.046
0.032 2.017 0.046
0.032 2.016 0.046
0.030 2.016 0.047
0.030 2.015 0.046
0.031 2.015 0.046
0.030 2.014 0.046
0.030 2.013 0.046
0.030 2.013 0.045
0.029 2.012 0.045
0.029 2.012 0.047
0.029 2.011 0.048
0.029 2.010 0.048
0.030 2.009 0.049
0.030 2.009 0.048
0.029 2.008 0.048
0.030 2.007 0.047
0.030 2.007 0.047
0.030 2.006 0.047
0.030 2.006 0.047
0.029 2.005 0.048
0.028 2.005 0.047
0.027 2.005 0.048
0.027 2.006 0.050
0.027 2.006 0.050
0.026 2.006 0.050
0.026 2.005 0.049
0.026 2.005 0.049
0.024 2.005 0.050
0.026 2.005 0.050
0.028 2.004 0.048
0.027 2.004 0.049
0.028 2.003 0.052
0.027 2.002 0.054
0.028 2.002 0.052
0.029 2.001 0.052
0.030 2.000 0.051
0.029 2.000 0.051
0.028 1.999 0.053
0.027 1.998 0.054
0.026 1.998 0.054
0.027 1.997 0.054
0.029 1.997 0.051
0.031 1.996 0.049
0.029 1.995 0.050
0.027 1.994 0.053
0.025 1.994 0.056
0.025 1.993 0.056
0.025 1.992 0.054
0.026 1.992 0.052
0.028 1.991 0.053
0.028 1.990 0.054
0.026 1.990 0.054
0.024 1.990 0.055
0.023 1.990 0.054
0.021 1.991 0.056
0.021 1.992 0.056
0.022 1.993 0.056
0.022 1.994 0.054
0.022 1.994 0.055
0.021 1.995 0.054
0.021 1.996 0.055
0.022 1.996 0.055
0.022 1.997 0.055
0.023 1.998 0.054
0.023 1.999 0.055
0.023 2.000 0.055
0.022 2.002 0.056
0.020 2.004 0.056
0.018 2.007 0.056
0.018 2.010 0.057
0.018 2.012 0.058
0.017 2.015 0.058
0.017 2.018 0.057
0.016 2.021 0.056
0.016 2.024 0.055
0.015 2.027 0.057
0.016 2.030 0.059
0.015 2.032 0.060
0.015 2.034 0.060
0.015 2.037 0.060
0.014 2.039 0.060
0.014 2.041 0.061
0.016 2.042 0.061
0.018 2.042 0.062
0.019 2.043 0.062
0.021 2.044 0.060
0.020 2.045 0.058
0.020 2.045 0.058
0.020 2.046 0.058
0.022 2.047 0.057
0.021 2.047 0.058
0.020 2.047 0.059
0.021 2.047 0.058
0.020 2.046 0.059
0.018 2.045 0.059
0.019 2.044 0.062
0.017 2.041 0.067
0.016 2.039 0.069
0.015 2.038 0.069
0.014 2.036 0.064
0.023 2.033 0.058
0.027 2.030 0.057
0.026 2.027 0.062
0.026 2.024 0.064
0.023 2.021 0.066
0.021 2.019 0.067
0.021 2.017 0.067
0.024 2.015 0.067
0.023 2.013 0.070
0.021 2.012 0.069
0.019 2.011 0.068
0.018 2.011 0.065
0.016 2.010 0.064
0.014 2.010 0.064
0.014 2.010 0.065
0.015 2.010 0.065
0.014 2.010 0.065
0.015 2.010 0.064
0.015 2.010 0.064
0.016 2.010 0.064
0.016 2.009 0.066
0.015 2.008 0.068
0.015 2.007 0.068
0.016 2.007 0.070
0.014 2.006 0.069
0.014 2.005 0.069
0.013 2.004 0.071
0.016 2.002 0.070
0.019 2.000 0.068
0.020 1.998 0.067
0.017 1.997 0.070
0.013 1.995 0.071
0.011 1.994 0.071
0.009 1.992 0.072
0.009 1.991 0.073
0.009 1.989 0.070
0.009 1.988 0.071
0.008 1.987 0.074
0.009 1.986 0.071
0.010 1.985 0.070
0.013 1.985 0.073
0.016 1.984 0.074
0.017 1.984 0.078
0.017 1.985 0.080
0.016 1.985 0.080
0.014 1.986 0.078
0.012 1.987 0.075
0.010 1.988 0.073
0.009 1.988 0.073
0.008 1.989 0.074
0.006 1.990 0.074
0.004 1.991 0.075
0.001 1.992 0.076
0.001 1.994 0.077
0.002 1.995 0.079
0.004 1.996 0.082
0.007 1.997 0.085
0.010 1.998 0.087
0.015 2.000 0.088
0.018 2.001 0.091
0.021 2.002 0.093
0.024 2.003 0.094
0.028 2.005 0.096
0.030 2.007 0.097
0.032 2.009 0.099
0.035 2.012 0.102
0.038 2.014 0.104
0.041 2.017 0.106
0.043 2.020 0.107
0.043 2.025 0.108
0.044 2.031 0.110
0.044 2.039 0.111
0.045 2.046 0.112
0.044 2.056 0.111
0.043 2.067 0.109
0.043 2.081 0.109
0.044 2.096 0.109
0.045 2.112 0.112
0.049 2.128 0.114
0.050 2.145 0.117
0.053 2.163 0.119
0.053 2.181 0.121
0.055 2.201 0.120
0.057 2.221 0.121
0.057 2.242 0.125
0.058 2.264 0.128
0.058 2.287 0.130
0.057 2.310 0.131
0.057 2.333 0.131
0.057 2.358 0.130
0.056 2.384 0.132
0.056 2.410 0.136
0.055 2.435 0.141
0.053 2.462 0.146
0.056 2.488 0.147
0.057 2.515 0.144
0.059 2.542 0.144
0.059 2.569 0.144
0.060 2.596 0.146
0.060 2.624 0.149
0.059 2.652 0.151
0.060 2.681 0.151
0.062 2.710 0.151
0.063 2.738 0.152
0.063 2.767 0.156
0.062 2.795 0.159
0.060 2.824 0.160
0.059 2.853 0.159
0.059 2.880 0.160
0.060 2.907 0.164
0.060 2.935 0.165
0.062 2.962 0.166
0.062 2.989 0.169
0.061 3.016 0.169
0.063 3.044 0.169
0.063 3.070 0.169
0.064 3.096 0.170
0.065 3.121 0.171
-0.065 -3.125 -0.173
-0.064 -3.100 -0.171
-0.064 -3.074 -0.168
-0.062 -3.048 -0.164
-0.061 -3.022 -0.158
-0.059 -2.995 -0.153
-0.055 -2.968 -0.152
-0.054 -2.941 -0.152
-0.053 -2.913 -0.155
-0.051 -2.885 -0.154
-0.050 -2.857 -0.149
-0.049 -2.829 -0.145
-0.048 -2.801 -0.145
-0.048 -2.773 -0.144
-0.046 -2.744 -0.143
-0.045 -2.715 -0.141
-0.043 -2.685 -0.138
-0.041 -2.655 -0.136
-0.040 -2.625 -0.135
-0.038 -2.595 -0.133
-0.037 -2.565 -0.132
-0.037 -2.536 -0.132
-0.036 -2.506 -0.130
-0.035 -2.476 -0.128
-0.034 -2.446 -0.126
-0.032 -2.416 -0.123
-0.032 -2.386 -0.121
-0.031 -2.356 -0.122
-0.030 -2.326 -0.119
-0.029 -2.296 -0.117
-0.027 -2.266 -0.113
-0.026 -2.237 -0.109
-0.025 -2.208 -0.108
-0.024 -2.179 -0.107
-0.024 -2.151 -0.107
-0.023 -2.122 -0.105
-0.021 -2.095 -0.103
-0.021 -2.068 -0.102
-0.021 -2.042 -0.100
-0.021 -2.017 -0.098
-0.021 -1.992 -0.095
-0.020 -1.968 -0.093
-0.020 -1.944 -0.094
-0.018 -1.920 -0.095
-0.018 -1.897 -0.091
-0.017 -1.876 -0.090
-0.017 -1.856 -0.090
-0.018 -1.837 -0.088
-0.019 -1.820 -0.086
-0.019 -1.804 -0.083
-0.019 -1.789 -0.080
-0.019 -1.775 -0.077
-0.020 -1.762 -0.076
-0.020 -1.750 -0.075
-0.020 -1.738 -0.074
-0.018 -1.727 -0.074
-0.018 -1.716 -0.074
-0.019 -1.708 -0.075
-0.021 -1.701 -0.075
-0.022 -1.696 -0.074
-0.022 -1.690 -0.074
-0.022 -1.685 -0.075
-0.021 -1.680 -0.075
-0.021 -1.676 -0.076
-0.021 -1.672 -0.077
-0.021 -1.669 -0.077
-0.021 -1.666 -0.076
-0.020 -1.664 -0.075
-0.021 -1.663 -0.075
-0.020 -1.661 -0.075
-0.020 -1.660 -0.075
-0.020 -1.659 -0.074
-0.021 -1.657 -0.075
-0.022 -1.656 -0.076
-0.022 -1.655 -0.077
-0.022 -1.654 -0.077
-0.021 -1.652 -0.077
-0.020 -1.651 -0.076
-0.022 -1.650 -0.077
-0.022 -1.649 -0.078
-0.022 -1.647 -0.078
-0.019 -1.646 -0.077
-0.017 -1.645 -0.076
-0.016 -1.643 -0.075
-0.015 -1.642 -0.074
-0.015 -1.639 -0.073
-0.016 -1.636 -0.074
-0.016 -1.631 -0.075
-0.014 -1.624 -0.075
-0.013 -1.616 -0.076
-0.012 -1.607 -0.076
-0.012 -1.596 -0.075
-0.011 -1.585 -0.076
-0.010 -1.571 -0.077
-0.009 -1.556 -0.077
-0.008 -1.539 -0.077
-0.005 -1.521 -0.075
-0.004 -1.501 -0.073
-0.002 -1.481 -0.071
-0.002 -1.459 -0.069
-0.002 -1.436 -0.069
-0.002 -1.411 -0.067
0.000 -1.384 -0.065
0.001 -1.357 -0.063
0.002 -1.328 -0.059
0.002 -1.299 -0.054
0.003 -1.270 -0.051
0.002 -1.240 -0.047
0.001 -1.208 -0.046
0.000 -1.176 -0.045
0.000 -1.141 -0.043
0.002 -1.106 -0.042
0.005 -1.071 -0.040
0.008 -1.035 -0.036
0.007 -1.000 -0.035
0.008 -0.965 -0.032
0.009 -0.929 -0.030
0.009 -0.893 -0.029
0.009 -0.857 -0.029
0.011 -0.821 -0.027
0.014 -0.785 -0.025
0.016 -0.749 -0.021
0.018 -0.714 -0.018
0.019 -0.678 -0.014
0.021 -0.642 -0.012
0.022 -0.607 -0.008
0.025 -0.573 -0.005
0.029 -0.539 -0.001
0.030 -0.507 0.002
0.028 -0.476 0.004
0.028 -0.446 0.007
0.029 -0.416 0.011
0.032 -0.386 0.014
0.036 -0.355 0.019
0.037 -0.324 0.019
0.033 -0.292 0.017
0.031 -0.258 0.014
0.038 -0.223 0.015
0.052 -0.188 0.016
0.056 -0.155 0.015
0.051 -0.122 0.017
0.045 -0.089 0.021
0.043 -0.055 0.025
0.046 -0.021 0.027
0.052 0.012 0.028
0.056 0.046 0.029
0.060 0.080 0.029
0.061 0.113 0.028
0.060 0.147 0.027
0.060 0.181 0.024
0.062 0.214 0.024
0.062 0.246 0.023
0.062 0.276 0.023
0.062 0.305 0.025
0.060 0.332 0.026
0.059 0.357 0.027
0.060 0.381 0.028
0.062 0.403 0.029
0.064 0.422 0.032
0.066 0.440 0.035
0.064 0.456 0.038
0.061 0.471 0.038
0.061 0.487 0.039
0.063 0.501 0.039
0.065 0.513 0.041
0.064 0.521 0.044
0.063 0.527 0.044
0.062 0.532 0.042
0.062 0.535 0.041
0.060 0.538 0.041
0.057 0.540 0.042
0.056 0.542 0.042
0.057 0.544 0.043
0.057 0.546 0.043
0.058 0.547 0.043
0.060 0.549 0.040
0.060 0.551 0.040
0.057 0.553 0.042
